Term lengths in nl_comma_fr 

FP 
 [[1, 0.39], [2, 0.38], [3, 0.15], [4, 0.06], [5, 0.01], [6, 0.0], [7, 0.0], [8, 0.0], [9, 0.0]] 

FN 
 [[1, 0.54], [2, 0.22], [3, 0.12], [4, 0.06], [5, 0.04], [6, 0.02], [7, 0.01], [8, 0.0]] 

GOLD 
 [[1, 0.55], [2, 0.26], [3, 0.11], [4, 0.04], [5, 0.02], [6, 0.01], [7, 0.01], [8, 0.0]] 

TRAIN_GOLD 
 [[1, 0.46], [2, 0.29], [3, 0.13], [4, 0.07], [5, 0.03], [6, 0.01], [7, 0.01], [8, 0.0]] 

EXTRACTED 
 [[1, 0.48], [2, 0.33], [3, 0.13], [4, 0.04], [5, 0.01], [6, 0.0], [7, 0.0], [8, 0.0]] 

