Term lengths in nl_comma_fr 

FP 
 [[1, 0.34], [2, 0.38], [3, 0.17], [4, 0.07], [5, 0.03], [6, 0.01], [8, 0.0]] 

FN 
 [[1, 0.56], [2, 0.2], [3, 0.11], [4, 0.05], [5, 0.04], [6, 0.03], [7, 0.01], [8, 0.0]] 

GOLD 
 [[1, 0.55], [2, 0.26], [3, 0.11], [4, 0.04], [5, 0.02], [6, 0.01], [7, 0.01], [8, 0.0]] 

TRAIN_GOLD 
 [[1, 0.46], [2, 0.29], [3, 0.13], [4, 0.07], [5, 0.03], [6, 0.01], [7, 0.01], [8, 0.0]] 

EXTRACTED 
 [[1, 0.44], [2, 0.34], [3, 0.14], [4, 0.05], [5, 0.02], [6, 0.0], [7, 0.0], [8, 0.0]] 

