Term lengths in fr_underscore_fr 

FP 
 [[1, 0.35], [2, 0.37], [3, 0.17], [4, 0.07], [5, 0.03], [6, 0.01], [7, 0.0]] 

FN 
 [[1, 0.52], [2, 0.21], [3, 0.13], [4, 0.06], [5, 0.04], [6, 0.02], [7, 0.01], [8, 0.0]] 

GOLD 
 [[1, 0.55], [2, 0.26], [3, 0.11], [4, 0.04], [5, 0.02], [6, 0.01], [7, 0.01], [8, 0.0]] 

TRAIN_GOLD 
 [[1, 0.46], [2, 0.29], [3, 0.13], [4, 0.07], [5, 0.03], [6, 0.01], [7, 0.01], [8, 0.0]] 

EXTRACTED 
 [[1, 0.44], [2, 0.34], [3, 0.14], [4, 0.05], [5, 0.02], [6, 0.01], [7, 0.0]] 

