Term lengths in nl_comma_nl 

FP 
 [[1, 0.49], [2, 0.33], [3, 0.12], [4, 0.04], [5, 0.01], [6, 0.0], [7, 0.0]] 

FN 
 [[1, 0.73], [2, 0.14], [3, 0.07], [4, 0.02], [5, 0.02], [6, 0.01], [7, 0.0], [8, 0.0], [9, 0.0], [10, 0.0], [11, 0.0], [12, 0.0]] 

GOLD 
 [[1, 0.75], [2, 0.17], [3, 0.05], [4, 0.02], [5, 0.01], [6, 0.0]] 

TRAIN_GOLD 
 [[1, 0.66], [2, 0.22], [3, 0.06], [4, 0.02], [5, 0.02], [6, 0.01], [7, 0.0]] 

EXTRACTED 
 [[1, 0.63], [2, 0.26], [3, 0.08], [4, 0.03], [5, 0.01], [6, 0.0], [7, 0.0]] 

