Term lengths in nl_underscore_fr 

FP 
 [[1, 0.43], [2, 0.27], [3, 0.16], [4, 0.07], [5, 0.03], [6, 0.02], [7, 0.01], [8, 0.0], [9, 0.0]] 

FN 
 [[1, 0.41], [2, 0.31], [3, 0.15], [4, 0.06], [5, 0.04], [6, 0.02], [7, 0.01], [8, 0.0]] 

GOLD 
 [[1, 0.55], [2, 0.26], [3, 0.11], [4, 0.04], [5, 0.02], [6, 0.01], [7, 0.01], [8, 0.0]] 

TRAIN_GOLD 
 [[1, 0.46], [2, 0.29], [3, 0.13], [4, 0.07], [5, 0.03], [6, 0.01], [7, 0.01], [8, 0.0]] 

EXTRACTED 
 [[1, 0.55], [2, 0.24], [3, 0.12], [4, 0.05], [5, 0.02], [6, 0.01], [7, 0.0], [9, 0.0]] 

