Term lengths in fr_comma_fr 

FP 
 [[1, 0.32], [2, 0.38], [3, 0.18], [4, 0.09], [5, 0.02], [6, 0.01], [7, 0.0]] 

FN 
 [[1, 0.59], [2, 0.18], [3, 0.09], [4, 0.05], [5, 0.04], [6, 0.02], [7, 0.01], [8, 0.0]] 

GOLD 
 [[1, 0.55], [2, 0.26], [3, 0.11], [4, 0.04], [5, 0.02], [6, 0.01], [7, 0.01], [8, 0.0]] 

TRAIN_GOLD 
 [[1, 0.46], [2, 0.29], [3, 0.13], [4, 0.07], [5, 0.03], [6, 0.01], [7, 0.01], [8, 0.0]] 

EXTRACTED 
 [[1, 0.43], [2, 0.34], [3, 0.15], [4, 0.06], [5, 0.01], [6, 0.01], [7, 0.0]] 

