Term lengths in multi_underscore_fr 

FP 
 [[1, 0.31], [2, 0.4], [3, 0.16], [4, 0.07], [5, 0.03], [6, 0.02], [7, 0.0]] 

FN 
 [[1, 0.54], [2, 0.21], [3, 0.12], [4, 0.05], [5, 0.04], [6, 0.02], [7, 0.01], [8, 0.0]] 

GOLD 
 [[1, 0.55], [2, 0.26], [3, 0.11], [4, 0.04], [5, 0.02], [6, 0.01], [7, 0.01], [8, 0.0]] 

TRAIN_GOLD 
 [[1, 0.46], [2, 0.29], [3, 0.13], [4, 0.07], [5, 0.03], [6, 0.01], [7, 0.01], [8, 0.0]] 

EXTRACTED 
 [[1, 0.43], [2, 0.35], [3, 0.14], [4, 0.05], [5, 0.02], [6, 0.01], [7, 0.0]] 

