Term lengths in nl_comma_en 

FP 
 [[1, 0.2], [2, 0.49], [3, 0.22], [4, 0.06], [5, 0.02], [6, 0.0], [7, 0.0], [9, 0.0]] 

FN 
 [[1, 0.51], [2, 0.24], [3, 0.12], [4, 0.06], [5, 0.02], [6, 0.02], [7, 0.01], [8, 0.0], [10, 0.0], [11, 0.0], [13, 0.0]] 

GOLD 
 [[1, 0.45], [2, 0.31], [3, 0.15], [4, 0.06], [5, 0.02], [6, 0.01], [7, 0.0], [8, 0.0], [10, 0.0]] 

TRAIN_GOLD 
 [[1, 0.39], [2, 0.39], [3, 0.14], [4, 0.04], [5, 0.02], [6, 0.0], [7, 0.0]] 

EXTRACTED 
 [[1, 0.31], [2, 0.42], [3, 0.19], [4, 0.06], [5, 0.02], [6, 0.01], [7, 0.0]] 

