Term lengths in multi_underscore_en 

FP 
 [[1, 0.33], [2, 0.42], [3, 0.18], [4, 0.05], [5, 0.01], [6, 0.01], [7, 0.0], [9, 0.0]] 

FN 
 [[1, 0.38], [2, 0.29], [3, 0.16], [4, 0.09], [5, 0.03], [6, 0.02], [7, 0.01], [8, 0.0], [10, 0.0], [11, 0.0], [13, 0.0]] 

GOLD 
 [[1, 0.45], [2, 0.31], [3, 0.15], [4, 0.06], [5, 0.02], [6, 0.01], [7, 0.0], [8, 0.0], [10, 0.0]] 

TRAIN_GOLD 
 [[1, 0.39], [2, 0.39], [3, 0.14], [4, 0.04], [5, 0.02], [6, 0.0], [7, 0.0]] 

EXTRACTED 
 [[1, 0.41], [2, 0.38], [3, 0.16], [4, 0.04], [5, 0.01], [6, 0.0]] 

