Term lengths in fr_comma_en 

FP 
 [[1, 0.23], [2, 0.44], [3, 0.23], [4, 0.07], [5, 0.02], [6, 0.01]] 

FN 
 [[1, 0.48], [2, 0.25], [3, 0.13], [4, 0.07], [5, 0.03], [6, 0.02], [7, 0.01], [8, 0.0], [10, 0.0], [11, 0.0], [13, 0.0]] 

GOLD 
 [[1, 0.45], [2, 0.31], [3, 0.15], [4, 0.06], [5, 0.02], [6, 0.01], [7, 0.0], [8, 0.0], [10, 0.0]] 

TRAIN_GOLD 
 [[1, 0.39], [2, 0.39], [3, 0.14], [4, 0.04], [5, 0.02], [6, 0.0], [7, 0.0]] 

EXTRACTED 
 [[1, 0.33], [2, 0.4], [3, 0.19], [4, 0.06], [5, 0.01], [6, 0.01]] 

